# 2 1 6 13 0
0.13678759940972 -0.34407638563218 0 
0.56899327587173 -1.24585199698681 1 
1.50219679118834 -0.88650348233946 1 
1.20971823549318 0.06976901667715 0 
1.75095616715942 0.91063871110704 1 
0.96285673106016 1.52618669321919 1 
0.30742097780441 0.77093575275618 0 
-0.51230910883034 1.34368551571707 1 
-0.73774518214530 0.36942782311021 0 
-1.73219554873224 0.47463917213944 1 
-1.89117694199960 -0.51264255350052 1 
-0.92169227732774 -0.75779642788144 0 
-0.64381071895173 -1.71841183838588 1 
