# 2 1 7 21 0
-3.15919549128869 -2.46054197414013 1 
-2.17124916856619 -2.61533989471748 0 
-1.38695907196348 -3.23573339505647 1 
-1.08933994114674 -2.28104846692108 0 
-0.39146110214792 -1.56483193117393 1 
0.00567382091385 -0.64707173801021 1 
0.56768281635681 0.18005986158233 0 
1.34161781052349 -0.45320487406002 1 
1.64938535985685 0.49825668615971 0 
2.33838586365023 1.22301802491648 1 
2.73212365094331 2.14224104732510 1 
2.82393978141128 3.13801742623387 0 
1.83441845555787 2.99362857363736 1 
1.37575740756033 2.10501692497167 1 
0.81859175806184 1.27461534474571 0 
0.04401968557275 1.90710032191369 1 
-0.26331693133144 0.95549947745482 0 
-0.94454782624879 0.22343041153453 1 
-1.33573782794051 -0.69687973572327 1 
-1.92241235190714 -1.50670316742585 0 
-2.86737669786769 -1.17952892324683 1 
