-0.51590785375838 -1.57639607757720 0
0.47449570618592 -1.43819047528714 1
1.35532165960162 -0.96475025744712 1
2.35209021038113 -1.04507743950190 0
2.27433332858981 -0.04810508913818 1
2.34691813659049 0.94925715484544 1
1.98485443311486 1.88141050847387 0
2.02118869943222 2.88075020103644 1
1.07764633063228 2.54949833572435 0
0.83743020883645 3.52021776732315 1
0.70958621365068 4.51201205692906 1
-0.17108962171903 4.98573146017844 0
-0.42494505891301 4.01848928931181 1
-0.36846560386690 3.02008552767292 1
0.03295128524369 2.10419007450329 0
-0.00312539089230 1.10484104963519 1
0.94131732034603 1.43351712904469 0
1.10431176158572 0.44689014169643 1
0.32083091636955 -0.17452579403375 1
-0.64229025427861 -0.44359383510005 0
-1.58252140832819 -0.10305693982865 1
-1.54551400384194 -1.10237193121363 0
-2.54442662333374 -1.05575027664550 1
-3.53082560618624 -0.89138164634303 1
-4.25081838787213 -1.58536319820975 0
-3.40747067310347 -2.12273144443721 1
-2.43862548758837 -2.37039857286612 1
-1.45037838324875 -2.21753372790905 0
-1.32028922842498 -3.20903602835884 1
-0.44926287832532 -2.71779973340674 0
0.55073381711554 -2.71522889693037 1
1.45205387633773 -2.28207517026727 1
2.44613793662882 -2.17346172231885 0
2.36375462303886 -3.17006243955475 1
