 5.14210383624700  2.65830303085510 1
 4.18787867618582  2.35921384030077 0
 4.07233436987762  3.35251616753010 1
 3.17700147267299  2.90711858874914 0
 2.17890989952627  2.84536738135682 1
 1.23008369951082  2.52956864455726 1
 0.23475908733983  2.43298232871701 0
-0.70314678922962  2.77987217679188 1
-0.70236715843718  1.77987248070401 0
-1.70090906979455  1.83385443383195 1
-2.68352605453561  2.01949888243839 1
-3.63874196500381  1.72358915906160 0
-4.32096654980415  2.45473183726806 1
-5.10856745318403  1.83854613717819 1
-4.53445675400949  1.01976844751356 0
-5.31237097283496  0.39139796113768 1
-4.44116307433528 -0.09951628554068 0
-4.02533696338346 -1.00896042645927 1
-3.68847789152191 -1.95051550488277 1
-2.95811546934445 -2.63357533555061 0
-2.54992758367891 -3.54647327617529 1
-1.84333335268218 -2.83885431605490 0
-1.34118114522640 -3.70363357144219 1
-0.44879401926574 -3.25236290164428 1
-0.80727399809903 -2.31882548687423 0
 0.18898495690553 -2.23240734888136 1
 1.14976842811447 -1.95510765279127 1
 2.14512796888890 -1.85888195669013 0
 2.12722602887165 -2.85872170412134 1
 3.05934020803134 -2.49655716001191 0
 4.05796054470896 -2.54906833191319 1
 4.12755658170914 -1.55149307578773 1
 3.15399415225571 -1.32307198228579 0
 3.63160428510805 -0.44450009507470 1
 4.37184489637147  0.22784195882142 1
 4.18575495819932  1.21037467324456 0
 3.28002330118833  0.78652308897516 1
 3.22694654351469  1.78511352443653 0
 2.25281507816366  1.55913147158204 1
 1.31326866148496  1.21670990259764 1
 0.31750250578387  1.30863249590226 0
 0.37462611513770  0.31026538243414 1
-0.56925339919658  0.64055534961347 0
-1.56334526191643  0.53201333712886 1
-2.52575925497559  0.80359998253520 1
-3.49799404494280  0.56959247586805 0
-2.99361024611764 -0.29388710320932 1
-2.68690123024718 -1.24569043351641 1
-1.79392831654145 -1.69580083707186 0
-1.64387835206772 -0.70712242213542 1
-0.76539394923826 -1.18489344886901 0
 0.21221964958412 -0.97448515198302 1
 1.16416824172113 -0.66822729016007 1
 2.16147288128755 -0.74159932774984 0
 2.12344329122357  0.25767728574569 1
