# 2 1 10 89 0
4.34319700181350 -0.99383706142801 0
3.74583888679905 -1.79581167596714 1
2.86085973897011 -2.26144233201955 1
2.17647374214424 -2.99056221743307 0
1.67021837970741 -2.12817859741934 1
1.25122906477244 -1.22018743335286 1
0.64133808353908 -0.42770210791429 0
1.46504027732432 0.13932055115095 1
0.63850008302729 0.70219825303931 0
0.10842349702202 1.55014802338591 1
-0.57339068717597 2.28167342843103 1
-1.06704148252132 3.15133364501921 0
-0.09687688850710 3.39378087731551 1
-0.13603371374289 4.39301395479308 1
-1.13411877608173 4.33115760236204 0
-2.06309854532514 4.70128810403304 1
-2.05329148044346 3.70133619444313 0
-3.02962639687987 3.91760022490017 1
-3.89206242107901 4.42376630840758 1
-4.89141971597476 4.45961316432733 0
-5.75137625299264 3.94924589035561 1
-4.96892353633178 3.32653588861979 0
-4.00039273735685 3.07764215324784 1
-3.08590375814668 2.67303134407050 1
-2.09191709057401 2.56353018080811 0
-1.65787762411546 1.66263632380128 1
-1.01530504785616 0.89641149759152 1
-0.35232954287559 0.14777040877241 0
-1.17302014289492 -0.42360244581269 1
-0.34125084062026 -0.97872389902301 0
0.10912328005912 -1.87156383503314 1
0.57712234308842 -2.75529279631239 1
1.19236955154175 -3.54362703532780 0
0.45783283340221 -4.22219597780705 1
-0.45632171468461 -4.62756181524635 1
-1.25174973712323 -4.02151374700198 0
-0.51890631961940 -3.34111641794003 1
-1.42179180176712 -2.91123526436791 0
-1.95112906156653 -2.06282376904972 1
-2.25200720007404 -1.10916117365852 1
-2.94602551275191 -0.38920382647982 0
-2.19458735641578 0.27059970283693 1
-3.09161468476837 0.71257478369331 0
-3.61475580358389 1.56482085715306 1
-4.53519457100490 1.95570763791351 1
-5.47718570118865 2.29134540491925 0
-5.54625542449181 1.29373356992388 1
-4.75027490155502 0.68841133579162 1
-3.99662029706349 0.03114066307866 0
-4.73489658049519 -0.64335776485875 1
-3.83937213742640 -1.08837009272919 0
-3.27805506918183 -1.91597093188577 1
-2.95685882157703 -2.86298358783319 1
-2.30685305185407 -3.62291286046068 0
-3.02884051106404 -4.31481900201085 1
-2.12440949675978 -4.74143890362156 0
-1.45819701291510 -5.48720088068673 1
-0.54605017013037 -5.89706443993278 1
0.31595977333055 -6.40395580644737 0
0.68023038950800 -5.47266266348863 1
1.53892760299750 -4.96017939986276 1
2.12555103453060 -4.15031956658020 0
2.98988666327197 -4.65323498778764 1
3.13418908581456 -3.66370135475220 0
3.91770025631931 -3.04232365504431 1
4.75816253606963 -2.50045360017153 1
5.27115688916089 -1.64206161876514 0
6.26987808668896 -1.59150501982535 1
6.32013241157686 -0.59276856665476 1
5.32749477466531 -0.47164663722119 0
5.28326896593378 0.52737492298110 1
4.36466167529447 0.13220325698043 0
3.87857073478266 1.00611148879669 1
3.28412268633892 1.81024550604844 1
2.65655609004896 2.58880839195451 0
3.48976648294581 3.14176448527544 1
2.66898776504188 3.71301075119329 0
2.23945894028702 4.61606389957155 1
2.02432748138219 5.59264899851985 1
1.08614639931431 5.93879384875479 0
0.97214721319661 4.94531300567602 1
1.07176569873037 3.95028729883413 1
1.67815859022553 3.15512212035289 0
0.84560930467228 2.60117114130455 1
1.66808779977399 2.03237493437414 0
2.18355809238902 1.17546748466806 1
2.73602285776879 0.34193123289860 1
3.37574017687013 -0.42667903997871 0
2.56581103880570 -1.01320678135944 1
