# 3 2 6 13 0
0.52933183651870 -0.36327481248951 0.30391060468417 0 
0.11358678448862 -0.66865628953464 1.16058943805560 1 
-0.23747907582416 -1.12230439600927 0.34146988240577 1 
-0.59893600498906 -0.20427202753387 0.50446172712091 0 
-1.13280947334962 -0.73769018625882 -0.15162111153767 1 
-0.96604865950993 0.20800145187064 -0.43065324946475 1 
-0.18866633544886 -0.41231607901452 -0.53497786668949 0 
-0.09383166711724 0.42820418561907 -1.06839381612819 1 
0.76578731847710 0.09741713121489 -0.67898898276789 0 
0.66564797456136 1.09168497850346 -0.64152475690745 1 
0.96080010782932 0.66886734097121 0.21527736263849 1 
-0.01248395736051 0.57482003376902 0.00581796736865 0 
0.19510115172425 0.43951866889233 0.97463280122183 1 
