0.66618546924563 -1.07076733109415 -0.20053702547659 1
0.16590217768223 -0.20785921158787 -0.12907930740655 0
1.14878150217547 -0.07361022705154 -0.25527535978217 1
0.67364492906631 0.65621745948326 0.23624959875183 0
0.78460071442985 -0.19004367506254 0.75733587361643 1
0.51655795612101 0.60034347490561 1.30819087530360 1
-0.24120301102143 0.19954495812231 0.79325508744373 0
-0.16265215230685 1.18882405640292 0.67014282850933 1
-0.45281672534654 0.69117884059616 -0.14726389995459 0
0.14745676222491 1.46140689402784 -0.36271803852075 1
-0.34888069146902 1.07543208498020 -1.14032499504970 1
0.45162085750913 0.55033163036203 -0.85141881193267 0
0.09708212621126 0.27186646674424 -1.74403263697768 1
0.35235379728740 -0.48910683037968 -1.14757977629981 1
-0.53279013618053 -0.06663487082841 -0.95254731633783 0
-0.44243099012528 -0.97328881128374 -0.54046254716859 1
-0.90308814456674 -0.31910820844088 0.05940637595221 0
-1.01594387938995 -1.27253052894720 0.33913742871126 1
-0.91791223624101 -0.62496756117325 1.09481725490048 1
-0.06544702804860 -0.91065382987976 0.65699717233918 0
0.07897870274273 -0.49657477989555 1.55570721937888 1
