-0.08185126061311 -0.46407834347179 0.45232981551449 0
0.13838675450416 -0.87388211749402 1.33751684857267 1
-0.65555138262516 -0.26601826332784 1.32471961407894 1
0.22879861503063 0.19716768240130 1.26654864773080 0
-0.57178740936030 0.78617470880522 1.15639992827926 1
0.31330304692659 1.22710912072561 1.00743104369304 1
-0.01623677128023 0.62214918007834 0.28256762315897 0
-0.38958811428447 1.54969609364461 0.29886172672928 1
-0.80426312654522 0.93852613162850 -0.37531622584393 0
-1.36464607490312 1.12591418378296 0.43144065767190 1
-1.74296328765617 0.47657670653980 -0.22828422982510 1
-1.00880454690342 0.12189835699861 0.35069263650381 0
-1.36246845991825 -0.51143572210528 -0.33764578380807 1
-1.04679571100253 -0.94606423508272 0.50582844300601 1
-0.49920875495894 -1.14787306188664 -0.30621941457127 0
-0.15876348722180 -1.56595347387178 0.53598352343740 1
0.57180518424534 -1.18949572702577 -0.03370848204544 0
0.86704754102430 -1.53771514727779 0.85599662984489 1
1.59668089595376 -1.12712382669276 0.30914204694773 1
0.98501958411284 -0.46808886491509 0.74679871461343 0
1.69027606812904 -0.06564879575566 0.16314189550749 1
1.04361491783999 0.60235520108853 0.53138097125529 0
1.28559029012122 0.76151162540574 -0.42575911870436 1
0.62820807557642 1.42870108261200 -0.07546374021176 1
0.24472209581539 0.80807856785309 -0.75939809195913 0
-0.46647003686412 1.17314049270892 -1.36017720397623 1
-0.21615219582366 0.22597319787595 -1.56071421815665 1
-1.14247483793814 0.29810359527369 -1.19095271599861 0
-0.78594822067814 -0.63414577521686 -1.25259590220419 1
-0.36761699214908 -0.07642472330356 -0.53569548269660 0
0.24500743247497 -0.72337077652670 -0.98973525911864 1
0.82956311771125 0.05594008736146 -1.21549891492678 1
0.67247101769577 -0.09745157870621 -0.23990008913116 0
1.34109603356418 -0.70424558212387 -0.66971589336750 1
