-0.33272227066095 -0.14419891245949 0.54419693893979 0
-1.27417707475333 -0.42641400070195 0.72863526418385 1
-0.85040044167344 0.19388535102204 1.38866714182787 1
-1.17990386375131 0.64595598717718 0.55977653700394 0
-0.37710512840681 1.10198374675869 0.94390265303919 1
-0.73125956952182 1.63520890353247 0.17562824631845 1
-0.29094096702660 0.76742794602533 -0.05475347622962 0
-1.15565735574140 0.94857104347581 -0.52321131353671 1
-1.00313453820575 -0.01898797355972 -0.32180044321253 0
-1.40478867645472 0.13969484123584 -1.22373930894344 1
-1.45668233811746 -0.79815891198606 -0.88061049137221 1
-0.57097538822512 -0.54468151551775 -1.26954802927820 0
-0.51062157032125 -1.02800350267283 -0.39618826755517 1
0.36200982683481 -1.01360769743328 -0.88435545765434 1
0.05747049057581 -0.15112603996594 -0.48015107469600 0
0.41107434051202 -0.00518577313786 -1.40409141683360 1
-0.37141211501155 0.56065544097327 -1.14420939103030 0
0.34796007098098 1.08988635131911 -1.59411860582318 1
0.00660491727446 1.51295750023517 -0.75478109206981 1
0.65395272188820 0.76074856678652 -0.63180735381044 0
0.62527648893345 1.26195124774818 0.23304728499332 1
0.63444500189847 0.26748101485955 0.33766513370059 0
1.17777413713463 0.67362083691396 1.07240583336565 1
0.26583074909607 0.36972406205996 1.34809770347813 1
0.86344876071395 -0.41850780495321 1.20132156095348 0
-0.07352643836567 -0.65105667983089 1.46208677547285 1
0.44152113062198 -1.43093345185001 1.10639277475737 1
-0.42658710250343 -1.24539594395174 0.64599736997614 0
0.21674036810739 -1.74580524368107 0.06658361599482 1
0.48595287637976 -0.79913517150203 0.24361581597733 0
1.23083366623206 -1.28109215988710 -0.21776262982988 1
1.51272895575087 -0.50087627293664 0.34062631660194 1
1.13332217828655 -0.24085192574470 -0.54731390440479 0
1.58294815751914 0.51426614164924 -0.07020471030449 1
