# 3 2 9 55 0
-0.72614300923728 -0.70672659048668 1.23948228422798 1
-0.21878577077288 0.01746602500521 0.77243389412655 0
-1.08884846148401 0.27137546476852 1.19495242598423 1
-1.07154878269680 0.30667827217972 0.19572533650773 0
-1.94337708943731 0.54293246959904 0.62479334964779 1
-1.66351973625547 1.11439952318356 -0.14663746778642 1
-1.16256785896314 1.27085554796846 0.70457904262077 0
-0.79997025678446 1.76058424398351 -0.08832051280446 1
-0.21136221541163 1.02102856990593 0.23817332540381 0
0.10658698050193 1.49609933581858 -0.58232453774781 1
0.65406912638677 1.65362836405476 0.23953219497708 1
0.76763161217525 0.76363932099920 -0.20208295694820 0
1.58060031691140 1.34548351581593 -0.17884911263976 1
1.14223044589640 1.21185079822648 -1.06765401536352 1
1.68195083890276 0.44063476049759 -0.73012149166792 0
1.20292358534326 0.26560634083223 -1.59029507393151 1
1.70909580677495 -0.52258372795383 -1.24022883088386 0
0.82094352207893 -0.77356836020007 -1.62518565510699 1
1.08740891038698 -1.27659560567698 -0.80301785085053 1
0.25710764851232 -0.96523684293039 -0.34078882595885 0
0.97995424849613 -1.32057173850110 0.25185800663013 1
0.16433427159674 -1.03400720590970 0.75449635093461 0
0.95584379555481 -1.26349454116885 1.32093156055827 1
0.13994588778466 -0.99528936025589 1.83315931466291 1
0.63509349399915 -0.23884105588628 1.40582415390711 0
-0.21215639733552 0.02196098973562 1.86858841856589 1
0.50154510469176 0.72090286556571 1.91453000802597 1
-0.28909337973102 0.96144724039980 1.35147661485570 0
0.47760403176424 1.60133302839170 1.29930580510476 1
0.64270844808260 0.71947699179269 0.85763710612186 0
1.44309344193170 1.31457574156588 0.93003977710709 1
1.50450684816634 0.43618764913108 1.40402664104997 1
1.63020576587870 0.39980772015570 0.41262511057000 0
1.58831420639514 -0.49082070871915 0.86542427538633 1
1.60425243813107 -0.51635755340721 -0.13412282696647 1
0.74557436856810 -0.22709712270070 0.28896255207414 0
0.79753703269433 -0.17142636307650 -0.70813388208315 1
-0.09047328665942 0.08296127291856 -0.32508705789553 0
0.21054789669252 0.57842798814487 -1.13988748170284 1
-0.66139330800392 0.40331560804150 -1.59711186563276 1
-0.75634031650805 0.85384503308555 -0.70941334432694 0
-1.61208993478704 0.54517697240578 -1.12464479033242 1
-1.05808602518732 -0.20089504854001 -0.75524402198469 0
-1.91641195000036 -0.48906860016421 -1.17978280573060 1
-2.00144596801708 -0.04495306502345 -0.28785719096418 1
-1.67839923423533 -0.99101039825095 -0.26302019613136 0
-1.63574077180515 -0.51578054027246 0.61580729349610 1
-1.23832564529739 -1.43341978536983 0.61646538159613 1
-0.69523294966032 -0.74184011501618 0.14026318640582 0
-0.40545516699902 -1.69225754358277 0.02740812016226 1
-0.73103537666001 -1.26609653316990 -0.81662066359105 0
0.10102465937712 -1.80463827701307 -0.94946991385829 1
-0.16652977356525 -1.32551634126107 -1.78544647419725 1
-0.12034310761626 -0.48026071202850 -1.25308402065619 0
-0.97795896056460 -0.63332791760736 -1.74406866296748 1
