-0.72614293868698 -0.70672656563973 1.23948219979398 1
-0.21878602003736 0.01746601216166 0.77243395030014 0
-1.08884829638724 0.27137539518233 1.19495218717014 1
-1.07154878034263 0.30667835409141 0.19572527208169 0
-1.94337708746598 0.54293262673561 0.62479324053819 1
-1.66351956728479 1.11439962884948 -0.14663740047481 1
-1.16256781246341 1.27085565573665 0.70457870075451 0
-0.79997031968780 1.76058422588143 -0.08832040116040 1
-0.21136223849700 1.02102864745938 0.23817320242429 0
0.10658699842151 1.49609931514470 -0.58232429510281 1
0.65406913747994 1.65362816152600 0.23953212177898 1
0.76763174043823 0.76363958537976 -0.20208294764148 0
1.58060024586590 1.34548354024864 -0.17884889150677 1
1.14223051111748 1.21185090206563 -1.06765387217961 1
1.68195071691712 0.44063494486190 -0.73012158216022 0
1.20292370721519 0.26560664755882 -1.59029494789483 1
1.70909587835921 -0.52258337959096 -1.24022893374664 0
0.82094343879533 -0.77356795166246 -1.62518605951369 1
1.08740857226969 -1.27659524269383 -0.80301826817148 1
0.25710743183853 -0.96523699815221 -0.34078882324730 0
0.97995406182238 -1.32057169494168 0.25185778543153 1
0.16433446156547 -1.03400725070909 0.75449631059519 0
0.95584368143412 -1.26349457144140 1.32093141233743 1
0.13994608726242 -0.99528950945136 1.83315905757775 1
0.63509333566463 -0.23884115046525 1.40582419755936 0
-0.21215618462736 0.02196079267347 1.86858828089012 1
0.50154511514592 0.72090271419119 1.91453003801070 1
-0.28909333434291 0.96144726524184 1.35147661146039 0
0.47760397864189 1.60133275533296 1.29930583580253 1
0.64270861351623 0.71947712857201 0.85763728010380 0
1.44309340447858 1.31457547255240 0.93003995538320 1
1.50450683444035 0.43618763111158 1.40402644319617 1
1.63020572731552 0.39980751033151 0.41262527558457 0
1.58831421492353 -0.49082059965264 0.86542398461053 1
1.60425230337347 -0.51635748743184 -0.13412283505294 1
0.74557459973209 -0.22709707431952 0.28896228011333 0
0.79753705783431 -0.17142618155201 -0.70813383092464 1
-0.09047322573724 0.08296141741301 -0.32508724659842 0
0.21054788554676 0.57842793632995 -1.13988735656025 1
-0.66139331370649 0.40331541046311 -1.59711175259500 1
-0.75634037866819 0.85384499908882 -0.70941352423811 0
-1.61208977314344 0.54517686620687 -1.12464473404586 1
-1.05808617796094 -0.20089497312386 -0.75524410182787 0
-1.91641186130621 -0.48906850205152 -1.17978272025448 1
-2.00144595110356 -0.04495312216656 -0.28785742465963 1
-1.67839932557706 -0.99101019348631 -0.26302004270333 0
-1.63574084691235 -0.51578063994654 0.61580708798858 1
-1.23832592062429 -1.43341942674338 0.61646536565480 1
-0.69523308826085 -0.74184023015076 0.14026331791124 0
-0.40545524582333 -1.69225728888803 0.02740847090216 1
-0.73103529287242 -1.26609667241919 -0.81662041600550 0
0.10102454592350 -1.80463882446937 -0.94946910861396 1
-0.16652940709644 -1.32551682869575 -1.78544578017206 1
-0.12034314975624 -0.48026077314966 -1.25308403267740 0
-0.97795874896679 -0.63332840939716 -1.74406853622584 1
