1.12989176972637 0.24009249172636 -1.39775328240303 1
0.26215087835100 -0.05797577797821 -1.00003346641341 0
0.91214413249628 -0.77071405439953 -1.26368649387556 1
0.70137680762020 -0.73011595531679 -0.28699364086807 0
0.90921910451982 -1.63886368988588 -0.64890403659541 1
0.63580489495390 -1.63275679590737 0.31297297001917 1
-0.04869956350035 -1.99314246673961 -0.32072712830442 0
-0.35914260270396 -1.89181996666423 0.62444950618719 1
-0.26868667752605 -1.03133796476001 0.12306297864636 0
-0.54897724712047 -0.94755170504197 1.07931454558829 1
-1.27218212147050 -1.23757413110796 0.45252773805740 1
-1.01365790717477 -0.27276957265052 0.40438841314193 0
-1.96052843448703 -0.42179072759983 0.68939525496438 1
-1.30272052906884 -0.20681507173850 1.41124996815603 1
-1.57504077148743 0.57757357639559 0.85395638821114 0
-0.89371666266832 0.76949129743931 1.56033096808510 1
-0.99775628023349 1.53216437457283 0.92196936570533 0
-0.05690049199145 1.22305796583124 1.06069071880692 1
-0.18428697005121 1.93702000106132 0.37219170104608 1
0.25691783492282 1.11356037882650 0.01546691831192 0
-0.06656480665233 1.76050875593452 -0.67505229065854 1
0.48677537878657 1.02117302898141 -1.05871532253628 0
-0.34843190143130 1.21504727259964 -1.57334293230174 1
0.23497948560767 0.50494737231514 -1.96753740853137 1
-0.62923255366647 0.15710426153434 -1.60402300516284 0
0.00713717598947 -0.54812415228968 -1.91657132384911 1
-0.86063404595721 -0.90042931249501 -1.56606571696906 1
-0.06896217809018 -1.11986776218268 -0.99588818283820 0
-0.95883476820045 -1.36242182820857 -0.60950197911795 1
-0.75558619479501 -0.38351156767867 -0.63011069664624 0
-1.68754956117584 -0.63182992233851 -0.36594734100421 1
-1.60708361665658 -0.06402017193925 -1.18516484516589 1
-1.49136142840454 0.42615252219021 -0.32125564561046 0
-1.35117534887765 0.96713066957337 -1.15052671538283 1
-1.04389133188779 1.43414673906338 -0.32138708676731 1
-0.47426500614014 0.67900440663177 -0.64586498553081 0
-0.66622010484488 0.72457237737912 0.33448025984136 1
-0.00019835023943 0.02260019465458 0.08219059086356 0
-0.24941304198039 0.09050970368951 1.04825494482891 1
0.13972982300388 -0.46488053202843 1.78317638056317 1
0.36647244594231 0.50893581348085 1.79959308432447 0
1.10284024911962 -0.09637997704973 1.49734277054715 1
0.71297433431724 0.47313115433608 0.77369807893156 0
1.33568180804939 0.93910805154286 1.40226862662550 1
0.94641050873509 1.54139988276563 0.70533792305956 1
1.63942833364718 0.90477445556307 0.36705644293739 0
1.20085380100708 1.45042586282310 -0.34702823066579 1
1.81454108660285 0.74098290030507 -0.69355182067401 1
0.96970853851013 0.36734424691427 -0.31059996681242 0
1.65933741001090 -0.31390201625397 -0.55619220714562 1
1.47309663311283 -0.23286103449232 0.42296392560105 0
1.60231125597078 -1.17200176832230 0.10465862671181 1
1.35449005469686 -1.10240198081208 1.07096112685243 1
0.51346483321477 -0.64711301193712 0.77874796552705 0
0.37396191956908 -1.44898684031233 1.35972756968839 1
