# 3 2 10 89 0
-0.19631436659128 0.16502532238065 0.41362681436182 0
-0.42317958598276 1.12120680111427 0.22856201225353 1
0.50449421616935 0.99801748280199 0.58104693667423 1
0.33037193520404 0.72202160257116 -0.36420857312538 0
1.23929730162816 0.50201417806362 -0.01001727641015 1
1.02494024558300 0.18658240829383 -0.93443817705818 1
0.58164421946460 -0.31656297663340 -0.19259361089156 0
0.33463402315501 -0.60702476905685 -1.11704909084196 1
-0.39685766941487 -0.16334215654678 -0.59929788122821 0
-0.61877201690102 -0.42542837392287 -1.53848118133069 1
-1.36263626545008 0.01048142722291 -1.03187595671813 1
-1.49972260044895 -0.95444146855836 -1.25577604968066 0
-2.18895335746919 -0.54882710657246 -0.65541077677594 1
-1.90456244343462 -1.47268371062025 -0.39926280553299 1
-1.24778758120661 -0.74154576890658 -0.21464380491881 0
-0.95159382493328 -1.64924893014481 0.08258509123563 1
-0.27468262295162 -0.92675696164786 0.22328885621528 0
0.02560409427185 -1.83888254945293 0.50231470546499 1
0.94915725111685 -1.98087356514580 0.85852848960130 1
0.72644289375108 -1.03824187544046 0.60984411514021 0
1.64164135412113 -1.13053777707084 1.00213677832388 1
1.56888343588961 -0.48928716928349 0.23826236505979 0
2.49993234808774 -0.62483872236009 0.57704593354691 1
2.24283121212607 0.32726013193638 0.41149413689456 1
1.82477122259442 -0.06081215581278 1.23285062850906 0
1.50334898680350 0.85416921225364 0.98893051516891 1
1.00433137986855 0.43133204428044 1.74536331651153 1
0.80210456711788 0.02771301004860 0.85306474444987 0
0.87934967820752 -0.61444646948736 1.61573457748259 1
-0.03678491968248 -0.55385381214464 1.21946940651598 0
0.24837095524627 -1.46411068432757 1.51966751656587 1
-0.49504791823528 -1.05120173851372 2.04581916381892 1
-0.75125237399138 -1.38741993328374 1.13955368244538 0
-1.47909986961831 -0.91988213252829 1.64119759029180 1
-1.71243485413606 -1.16580746018903 0.70041283814929 1
-1.07298325597981 -0.40177166944579 0.78615572527822 0
-1.95807816007265 -0.18773776359408 0.37287927093244 1
-1.19040010490740 0.32060074731722 -0.01732901148905 0
-2.08914072924354 0.57937637307374 -0.37130607468228 1
-1.60666799998577 1.07664006080689 -1.09238086179493 1
-0.68021386681377 0.87524077855954 -0.77438577682354 0
-0.82106781644781 0.64816757260801 -1.73802395635487 1
0.08327587727905 0.40471919951373 -1.38745897562374 0
-0.07874393967972 0.09209869456003 -2.32341762420845 1
0.83969172680388 -0.08221864279920 -1.96832632703610 1
0.76470961427483 0.62591393972591 -2.67041346479826 0
0.93462587689638 0.96413528970244 -1.74481341821884 1
0.04037761532812 1.22355703325521 -2.10953366496887 1
0.18591119456176 1.47514758586790 -1.15270427485029 0
-0.73451846461986 1.71494883736211 -1.46142015890456 1
-0.55728250216408 1.92578192454249 -0.50009941595565 0
-1.49705145077819 2.12088487339088 -0.78075936720293 1
-1.25991824743495 2.35667354860171 0.16166961929703 1
-1.40733270170539 1.38156806795563 -0.00397801337870 0
-1.23832760273032 1.63905994561083 0.94740807996317 1
-0.99578958045601 0.66929538406779 0.97445583169727 0
-1.95897767298892 0.85639596458029 0.78142112147458 1
-1.84247483213117 0.08067631967604 1.40165251100987 1
-1.52944156179874 0.90432994437976 1.87452152577337 0
-1.63285041321381 0.09454796980823 2.45206869250516 1
-0.76179707523763 0.57393861173376 2.55907995954525 1
-0.82993286581301 -0.05069920947202 1.78114347233483 0
0.07659943778560 -0.08381041247399 2.20197962663510 1
-0.00341462690675 0.53087729107972 1.41727754078859 0
0.19945644324194 0.97134756631234 2.29182301084078 1
-0.50368528107003 1.39173558824281 1.71835421716650 1
0.44909546813189 1.56194904579211 1.46688518386966 0
-0.18755000935380 1.96124899211269 0.80715617433807 1
0.76542830343615 2.25160592207497 0.72040749860308 1
0.44866690176382 1.79499802671855 -0.11096026397404 0
1.37774379228256 1.57332123927847 0.18514136145299 1
1.19609058924049 1.28102774372804 -0.75377687029412 0
2.10457777528225 1.04955653778886 -0.40582213988708 1
1.91150916111929 0.69552305929413 -1.32090952134056 1
2.03959779782852 -0.00477674861093 -0.61864640487427 0
1.82581733027771 -0.35306787993026 -1.53133034515753 1
1.32256614156546 -0.81945572492069 -0.80385494736848 0
1.10989569669463 -1.14289400071029 -1.72589557339250 1
0.20403954137474 -0.96083942904452 -2.10836247947332 1
0.23118533757119 -1.70839308656312 -1.44471563218114 0
-0.67594613111651 -1.49801697074856 -1.80920859615080 1
-1.10308614319790 -1.97772326274204 -1.04276660470229 1
-0.49452859023961 -1.22001908466177 -0.80709237215910 0
-0.18701041155480 -2.12865611656641 -0.52458330290171 1
0.49208224987153 -1.40510634839695 -0.40085280118295 0
0.79942959751094 -2.33111064671561 -0.18163955862611 1
1.31201503715745 -1.88185570412423 -0.91336829534629 1
1.51285227673866 -1.55814282606206 0.01122616451844 0
2.27850220366429 -1.09035950485682 -0.43031552288966 1
