-0.37539726131409 -0.07029789214248 -0.47785919608048 0
-0.30396547599102 0.34766187067062 0.42779368262850 1
0.50862744282306 -0.13919664749095 0.10738530011345 1
0.27474308198428 -0.18645519331052 1.07850050213754 0
0.83303714946958 -0.71109238472120 1.72120070565383 1
0.46994995812957 0.16058380285390 2.05036375871425 1
1.19480924323990 0.24575933122992 1.36675265131754 0
1.35384120608996 0.71594886934943 2.23487167140397 1
0.84211569801665 1.26432777929696 1.57349615362883 0
0.15097162657830 1.19489738615107 2.29287039074272 1
-0.11438094263742 1.75491942846785 1.50803707969486 1
-0.14976555240495 0.76361365019167 1.38130593376596 0
-0.95611084047878 1.14109295073026 1.83662631994020 1
-0.66441305295349 0.23529573179411 2.14394341826235 1
-0.83416914668143 -0.10502967566206 1.21908586940283 0
-1.30850617995805 -0.61862983789635 1.93408184996223 1
-0.93463879397213 -1.18974084767555 1.20329091391710 0
-0.25003128525247 -0.77872513136450 1.80526985038464 1
0.18008580753889 -1.26397909672833 1.04400256776467 1
-0.36544652566915 -0.71003106263454 0.41508600020689 0
-0.47434215630310 -1.70177172855279 0.34732027735962 1
-1.28909219332445 -1.16224280470013 0.13497405652949 0
-1.37924434560937 -2.15111890772490 0.01666665056586 1
-2.18856702129968 -1.60421302606627 -0.19755464440968 1
-1.45648269510299 -1.57481964556621 -0.87813422720688 0
-2.22906943150555 -0.96394536125851 -1.05117278795749 1
-1.47285430311602 -0.88702562510259 -1.70095893261186 1
-1.33306019331438 -0.48666972562934 -0.79532503272621 0
-1.86407241594312 0.06121441488084 -1.44173743050082 1
-0.97764158905130 0.46064082931733 -1.20785940975795 0
-1.50151503657830 0.98377630053637 -1.88008399256419 1
-0.51999647542608 0.90633907288343 -2.05508339224261 1
-1.03951733784928 0.06998716350150 -2.23005069541972 0
-0.05179770059988 -0.05525843547298 -2.32345015007650 1
-0.58961262069133 -0.89536305977045 -2.39401453175619 1
-0.49324162559203 -0.51265837230368 -1.47518388713472 0
-0.56843530174368 -1.50905157119753 -1.51450950556676 1
-0.44911562250280 -1.14724532684993 -0.58992362221292 0
-0.45343499705517 -2.14573770579916 -0.64464393090690 1
0.38305316544452 -2.18657225625366 -0.09818250181258 1
0.49466743113056 -1.19530481088798 -0.02796065724860 0
1.08470821260117 -1.70042568543630 0.60188438583587 1
1.15793998085441 -0.71033348375523 0.72169482064732 0
1.73959103458510 -1.23541047828539 1.34296465051954 1
1.86318620017138 -0.39889835903171 1.87679206587555 1
2.17048670052641 -0.33560466937896 0.92728676766357 0
2.20447901883130 0.54600743035393 1.39803577499269 1
2.42620535011663 0.59530880482990 0.42417397345691 1
1.49231442191899 0.25676907587143 0.30911491841479 0
1.55619770775735 1.15173439895232 0.75065313451143 1
0.62702327608192 0.80566604775464 0.62076251968269 0
0.69333437275519 1.80346451793986 0.62178787563035 1
-0.12408164502010 2.37608894732906 0.55907968835300 1
-0.27243421958605 1.39048480703896 0.47798719633219 0
-1.06384729741420 1.84833932091055 0.88299902871452 1
-1.13478584424246 0.85219526249981 0.83137793353350 0
-1.93910770405376 1.28406016779035 1.23949439902883 1
-1.73046633016933 0.36630056055772 1.57740870833822 1
-2.11474891722882 0.37894512540363 0.65427978545512 0
-1.81945596819661 -0.53332790855668 0.93811069596595 1
-2.12551021564680 -0.48424867196017 -0.01263744426549 1
-1.23773931416985 -0.07418789351878 0.19643905961503 0
-1.81206122500149 0.45509570580500 -0.42807131998343 1
-0.92142270747838 0.86302935274716 -0.22719033333493 0
-1.70858063567491 1.39188885926029 0.09012657205862 1
-1.48367144718568 1.45372347483491 -0.88228915038211 1
-0.84214028540730 1.94211163347423 -0.29075320475534 0
-0.41491187861939 1.42637718496302 -1.03337953545828 1
0.22603964221044 1.86120054012566 -0.40083720663636 1
0.16989885325625 0.86343617184374 -0.36458148705442 0
1.09995091688497 1.20842231964845 -0.23813894372698 1
1.01416007282099 0.33197949064138 -0.71194048293633 0
1.96511599074116 0.61335837061297 -0.58345403198470 1
1.84276880313315 -0.21128884315855 -1.13571134384523 1
1.37313790742448 -0.61062596256355 -0.34832536044098 0
2.31902279806393 -0.34905995600803 -0.15627068625878 1
2.02675899247091 -1.21355556025467 0.25266600588139 0
2.20007186029884 -1.23554559343422 -0.73195528592913 1
1.35962708334208 -1.70536566413649 -0.46191514437233 1
1.29087088374268 -1.16819704243172 -1.30258300796218 0
0.44519767492207 -1.63429214308991 -1.04259804488475 1
0.37452728815688 -1.02569180854804 -1.83292160471967 1
0.44814050188135 -0.57824900180180 -0.94164385370313 0
0.89558081580195 -0.11862656877490 -1.70881031838823 1
0.11775359380936 0.39253875930060 -1.34316729561745 0
0.57392958261853 0.82242149519035 -2.12233627640315 1
0.68687575045609 1.28669660030373 -1.24387637979797 1
1.49197996134053 0.79439794609036 -1.57470752203936 0
1.71010669499478 1.60701047295842 -1.03426177153071 1
