-0.19631440701677 0.16502538007195 0.41362691662674 0
-0.42317967737638 1.12120690284808 0.22856194261454 1
0.50449418469960 0.99801758157709 0.58104683129209 1
0.33037191239406 0.72202170884147 -0.36420853765334 0
1.23929726666526 0.50201423761171 -0.01001732804157 1
1.02494028641843 0.18658243259420 -0.93443815288420 1
0.58164424165953 -0.31656295814979 -0.19259360550644 0
0.33463386301629 -0.60702472885642 -1.11704903039256 1
-0.39685757954711 -0.16334221676875 -0.59929803046628 0
-0.61877204459143 -0.42542832267580 -1.53848110276651 1
-1.36263626436425 0.01048140919287 -1.03187600191956 1
-1.49972267237790 -0.95444144232171 -1.25577599603215 0
-2.18895324993983 -0.54882731444323 -0.65541078200039 1
-1.90456262718946 -1.47268347835628 -0.39926285190541 1
-1.24778753125082 -0.74154580379538 -0.21464385452642 0
-0.95159382787530 -1.64924853629451 0.08258507995805 1
-0.27468268394841 -0.92675718859165 0.22328886712222 0
0.02560412009639 -1.83888237638549 0.50231481055671 1
0.94915722491936 -1.98087337124367 0.85852853846680 1
0.72644304334877 -1.03824171460826 0.60984409336259 0
1.64164134860627 -1.13053758649463 1.00213675718215 1
1.56888359936714 -0.48928705680397 0.23826237739339 0
2.49993225271280 -0.62483835286477 0.57704586465347 1
2.24283105105588 0.32726018686468 0.41149423297170 1
1.82477129118984 -0.06081190094992 1.23285048444862 0
1.50334886968196 0.85416934971229 0.98893054289217 1
1.00433133438443 0.43133219201616 1.74536311591998 1
0.80210456356747 0.02771310854161 0.85306497705549 0
0.87934969744318 -0.61444621761943 1.61573436094190 1
-0.03678492617766 -0.55385375379706 1.21946941834476 0
0.24837078584923 -1.46411043658514 1.51966767173431 1
-0.49504784270112 -1.05120183005524 2.04581900488706 1
-0.75125245148568 -1.38741983999213 1.13955378530036 0
-1.47909995637238 -0.91988210505898 1.64119755935180 1
-1.71243477118380 -1.16580718127923 0.70041292879971 1
-1.07298355701159 -0.40177162564346 0.78615565104530 0
-1.95807796392787 -0.18773765879214 0.37287928844981 1
-1.19039995896303 0.32060081494712 -0.01732895955338 0
-2.08914088642431 0.57937649463494 -0.37130620869190 1
-1.60666804262023 1.07664014704036 -1.09238097249074 1
-0.68021378625314 0.87524075608164 -0.77438600998187 0
-0.82106774893177 0.64816756980478 -1.73802387208154 1
0.08327577907466 0.40471917846383 -1.38745909332242 0
-0.07874382261887 0.09209866073404 -2.32341745808116 1
0.83969172422756 -0.08221863264841 -1.96832644507553 1
0.76470960237993 0.62591383230268 -2.67041340086270 0
0.93462579142701 0.96413518923469 -1.74481370206444 1
0.04037769513574 1.22355695612675 -2.10953371679190 1
0.18591100850380 1.47514762995411 -1.15270448043667 0
-0.73451825985765 1.71494882468601 -1.46142012459655 1
-0.55728263727085 1.92578194562363 -0.50009971536660 0
-1.49705124048390 2.12088493116333 -0.78075929109669 1
-1.25991812754698 2.35667342573191 0.16166931234165 1
-1.40733266589492 1.38156834779587 -0.00397802650594 0
-1.23832759144432 1.63906015556420 0.94740793814928 1
-0.99578957965272 0.66929537545820 0.97445574956530 0
-1.95897756727126 0.85639591557017 0.78142132673481 1
-1.84247494818142 0.08067642212422 1.40165225730339 1
-1.52944122986635 0.90432929985864 1.87452203662785 0
-1.63285039035959 0.09454749995077 2.45206855602185 1
-0.76179725450504 0.57393757567006 2.55908065730052 1
-0.82993281371138 -0.05069926627916 1.78114340966956 0
0.07659942812198 -0.08381055648716 2.20197940739089 1
-0.00341464372763 0.53087716259745 1.41727770845504 0
0.19945591198214 0.97134733865350 2.29182305412442 1
-0.50368522511044 1.39173546699514 1.71835434279086 1
0.44909533732538 1.56194888959431 1.46688547670140 0
-0.18754985571367 1.96124883226775 0.80715640051779 1
0.76542851656014 2.25160525475577 0.72040751061667 1
0.44866719552999 1.79499811914147 -0.11096015125495 0
1.37774387172482 1.57332120240417 0.18514097055557 1
1.19609074070297 1.28102771236658 -0.75377684036950 0
2.10457783545041 1.04955648278740 -0.40582243451247 1
1.91150916743466 0.69552297527127 -1.32090973361963 1
2.03959772451359 -0.00477685016176 -0.61864662335100 0
1.82581740865738 -0.35306784340186 -1.53133022711547 1
1.32256610927698 -0.81945575639116 -0.80385483626803 0
1.10989563504426 -1.14289406248738 -1.72589547069729 1
0.20403956342433 -0.96083959292874 -2.10836239426575 1
0.23118517282569 -1.70839308239547 -1.44471572903166 0
-0.67594599580251 -1.49801707533209 -1.80920849789734 1
-1.10308608649389 -1.97772314857671 -1.04276644123758 1
-0.49452862304214 -1.22001904751245 -0.80709228289993 0
-0.18701042713378 -2.12865602853914 -0.52458317526501 1
0.49208226422405 -1.40510652093506 -0.40085271583306 0
0.79942964715699 -2.33111039082850 -0.18163953386886 1
1.31201494489733 -1.88185577084448 -0.91336803472354 1
1.51285224399125 -1.55814279636112 0.01122608673941 0
2.27850218655066 -1.09035945469118 -0.43031542967200 1
