# 3 2 10 89 0
-0.41602033604620 0.08554807638303 -1.62200794934223 0 
-1.40689250768046 0.13756852288187 -1.74637117793848 1 
-0.93730811470585 1.01599682228562 -1.65774713672337 1 
-1.53119847007488 0.78977245815180 -0.88566114224355 0 
-1.05785466700780 1.66718828538697 -0.80764120751398 1 
-1.87935853260171 1.59461628478186 -0.24207538151100 1 
-1.07824027254487 1.09035539621812 0.08030713921310 0 
-1.37408035588416 1.83034163115369 0.68437585814802 1 
-0.52305836331276 1.38492254887354 0.96251864396229 0 
-0.85361351946690 2.05153094342123 1.63062532485874 1 
0.05228958902452 1.70242572276710 1.87034412457544 1 
-0.49825030065148 0.86866363276880 1.91213655399991 0 
0.49248624599672 0.73869474621340 1.95149622451622 1 
-0.02907235776754 -0.11270629021373 1.89588239520834 1 
-0.00861016008533 0.40216750376054 1.03886064825874 0 
0.47132479259835 -0.47508283633923 1.04857053947034 1 
0.54166895241855 0.03362303483101 0.19050874926166 0 
-0.00853143256474 -0.80119171821994 0.17143351786800 1 
0.00640438504327 -0.26366465591928 -0.67168069660522 1 
-0.53369135934676 0.10243066702201 0.08612587595291 0 
-0.47740914734746 0.68800923843869 -0.72253353894935 1 
0.01021224099033 1.01870709026767 0.08546665438678 0 
0.01875834530727 1.61161354802294 -0.71975933653322 1 
-0.43445277918522 2.00211619438576 0.08155668091551 1 
0.56449998470691 1.96825900240800 0.11233111939410 0 
0.12252565865979 2.29754086426203 0.94673638697643 1 
1.10915279281023 2.15305153053509 1.02216668988733 1 
0.54790414777597 1.32562797493484 1.00292563780988 0 
1.36492565532379 1.24740072914444 1.57420171311877 1 
1.08507044233132 0.40998626673209 1.10471467612672 0 
1.87082475611750 0.31155021669529 1.71537047313479 1 
1.05749280796676 -0.20666782661920 1.97983446255608 1 
1.57311244844325 -0.57542343701166 1.20642920904472 0 
0.94920610216725 -1.23408336408703 1.62703350234378 1 
1.49036881170296 -1.60558168320501 0.87262517742916 1 
1.08088813457356 -0.91189203216397 0.28007117727709 0 
2.07957225506329 -0.88513712609494 0.32382277705223 1 
1.64028388926938 0.01087849961270 0.25915647852001 0 
2.47176062939968 -0.01653784020979 0.81403914623728 1 
2.50859536509177 0.56484970516239 0.00124659931488 1 
1.99730245270838 0.93741635862050 0.77569714420303 0 
1.93688254717945 1.50803747648795 -0.04329063034526 1 
1.11181998095841 0.97702369961251 0.14983143102849 0 
1.63519098695478 0.67725951183248 -0.64780521670462 1 
1.08386831660022 1.50064216217340 -0.78228318616682 1 
0.58522295527710 0.63464894058257 -0.74475261476597 0 
0.17612243321995 0.99501882209658 -1.58306658420114 1 
1.16395155088777 0.85632817316991 -1.65348347271462 1 
0.66554918702313 -0.00916214958221 -1.60326808745707 0 
1.65763355795740 -0.05533797729643 -1.48649311632517 1 
1.14263780775073 -0.29927863582097 -0.66474356056765 0 
2.13996061133573 -0.35629501788352 -0.61895756242566 1 
1.66127453391601 -1.23408461434569 -0.60038167409410 1 
1.20323071188417 -1.02784034038914 -1.46505453509912 0 
1.07289845831504 -1.94947619848809 -1.09954003641842 1 
0.55732912948252 -1.23423820130647 -0.62771075102506 0 
0.94124876177705 -1.94686610421808 -0.04054196104160 1 
-0.05771478072321 -1.90277224107575 -0.05183673808727 1 
0.37212254473281 -1.58230789282184 0.79228557244777 0 
-0.62587874194294 -1.51914312458891 0.79037668596278 1 
-0.18911241876932 -1.17016018133780 1.61950037050036 1 
-0.61521221594345 -0.48606548793115 1.02750931203662 0 
-1.08374408823373 -0.06490155026292 1.80410368637625 1 
-1.10845744762027 0.46031726531897 0.95349540659842 0 
-1.47010961280844 1.15875794657443 1.57106186146956 1 
-2.07305778234716 0.36603731439590 1.48135397904895 1 
-2.04076406841699 0.95005163107085 0.67025324920136 0 
-2.54532331298306 0.09462104928345 0.55338371311179 1 
-2.44653982059028 0.65570900237972 -0.26845698344742 1 
-1.63502061250179 0.14823972855024 0.02121785326167 0 
-2.05748468488847 -0.14681088115724 -0.83579395835688 1 
-1.06187907989610 -0.23591655607742 -0.80699017380028 0 
-1.58375612037509 -1.07882944872734 -0.93791843669806 1 
-0.92659210370682 -0.87892706134728 -1.66467457923570 1 
0.06643656830438 -0.91122363755729 -1.55131238214702 0 
-0.25522265474704 -0.60791247801707 -2.44827262916152 1 
0.73566229646275 -0.73916755125261 -2.41795565015782 0 
0.22740369208048 -1.42643511179916 -2.93693203814843 1 
0.61458229730250 -1.74051396340668 -2.07007149421346 1 
-0.38495396761904 -1.73895855375075 -2.10048260743684 0 
0.00631433757301 -1.97062767715214 -1.20984321317305 1 
-0.99252700586837 -1.92721745681002 -1.23061635453553 1 
-0.53924290449105 -1.20981156407232 -0.70159621455618 0 
-1.19225544498088 -1.76458300776645 -0.18603509575014 1 
-1.10597289166264 -0.81447893414980 0.11372742740767 0 
-2.09951136276741 -0.85568420478376 0.00797567987237 1 
-1.73067750390948 -1.45687004398197 0.71687424194420 1 
-1.70688587478378 -0.48593101716477 0.95501572213361 0 
-1.29470296629679 -1.10974854324512 1.61906161219409 1 
