0.16065433214641 -0.88192545168412 0.15504683106436 0
-0.27277687451758 -1.74071074812047 -0.11812930939181 1
-1.08425455206671 -1.28852619556896 -0.48830914308520 1
-0.77386334416368 -0.36545340148012 -0.26116620379473 0
-1.24911359265394 0.51434280000404 -0.27095625813532 1
-0.76611794722785 0.89367312102152 0.51823555255217 1
-0.20678121283905 0.07223851879717 0.62953520139168 0
0.49522013566276 0.71625442060597 0.93357076661232 1
0.89140638457086 -0.10503313975989 0.52305499424246 0
1.55588228817240 0.52502452177576 0.12118546731471 1
1.07116640674462 0.56210535731985 -0.75269983747479 1
0.25801575825383 0.08423318444239 -0.42039845431731 0
-0.07943778655299 1.01377700606122 -0.56896961163793 1
