-0.10067495599571 -1.28711067691216 1.11353773142593 1
0.22091139175361 -0.84256364734818 0.27749935943151 0
0.13373984522038 -1.76832604250311 -0.09042053785167 1
-0.18273510254128 -1.08491415889057 -0.74828971235687 0
-0.08955758329811 -0.77264968931914 -1.69370435734126 1
0.14281074061255 0.17631325349401 -1.48045715335960 1
0.16325033141581 -0.03223884381612 -0.50265947384582 0
1.13025404654460 -0.11419280750211 -0.74387999478556 1
0.98131672152856 0.00715239113779 0.23749303112462 0
1.28300847852807 0.35146640948859 1.12655432923316 1
0.34950746759607 0.53223303626077 1.43623049335428 1
-0.08922973286988 0.18880249982765 0.60582994120237 0
-0.69528296333861 -0.12802833480488 1.33543099935987 1
-1.25117751550491 -0.74646651066532 0.77998927023356 1
-0.78713246327117 -0.43394270035552 -0.04885998256155 0
-1.54318608853172 0.21949836897836 -0.01147478476208 1
-0.67834344058554 0.66757283917747 -0.23791785365413 0
-0.58600832870852 1.19452963752382 -1.08277926698796 1
0.38222394296355 1.40015885630409 -0.94050172946064 1
0.40777862726518 0.96966343853830 -0.03827079816150 0
0.80852658431409 1.50304269076952 0.70665046258831 1
