# 3 1 7 21 0
-0.10021752937972 -1.28763578981057 1.11340934230403 1 
0.22112329903385 -0.84281145478067 0.27742389976890 0 
0.13217149882645 -1.76856331454990 -0.09009515396910 1 
-0.18270905838044 -1.08480865498901 -0.74837363396222 0 
-0.09144890014175 -0.77194453423849 -1.69377705474182 1 
0.14298676503980 0.17644444083536 -1.48023892871314 1 
0.16351979337633 -0.03250197864758 -0.50252691153600 0 
1.13063401659913 -0.11382614455414 -0.74351664577470 1 
0.98149270049438 0.00709732056884 0.23787745643104 0 
1.28294314780250 0.35219954709048 1.12671545882748 1 
0.34938991317032 0.53319043829483 1.43610398607745 1 
-0.08906664517330 0.18856771472320 0.60604909961335 0 
-0.69400060462760 -0.12919344601224 1.33617490932422 1 
-1.25118038516002 -0.74598933080312 0.78019487947090 1 
-0.78683905788997 -0.43409382512193 -0.04872523791126 0 
-1.54355829457570 0.21874663716490 -0.01444605966553 1 
-0.67819919060115 0.66740628334424 -0.23773542911903 0 
-0.58581060525144 1.19449265694857 -1.08251035177257 1 
0.38247768482630 1.39995377347766 -0.94036918308606 1 
0.40785600794466 0.96959123106853 -0.03806949018182 0 
0.80843544716438 1.50367843937431 0.70643502144086 1 
