0.41029465681646 0.05042248564420 -0.36082064408521 0
0.67335966222356 -0.03061275933735 -1.32218950774774 1
0.38995541983640 -0.97852126753628 -1.46762504497908 1
0.05769699957146 -1.02163640421992 -0.52542261069585 0
0.16565651044933 -1.99062964262418 -0.30316859384296 1
-0.68767175914876 -2.05263706860477 0.21450499395200 1
-0.95524769966834 -1.11663758143994 -0.01420459514800 0
-1.46022764529730 -0.67941052683182 -0.75840064275849 1
-0.67639198832978 -0.13603186495378 -0.45783235984004 0
-0.63499291387636 -0.12027838524094 -1.45685085042570 1
-0.28456588587742 0.80340379333991 -1.61180933208919 1
-0.25804848736320 0.90744078158713 -0.61758947075306 0
-0.23431389301771 1.90179637019322 -0.72099949191620 1
0.68393045880028 1.98307357005047 -0.33341553046518 1
0.68359091760421 1.05211175121616 0.03170085729142 0
0.01065507088156 1.50389719410290 0.61740322186307 1
-0.22604699663249 0.54808574849692 0.44305698090479 0
-0.35578304017429 0.70367009546572 1.42232306834247 1
0.52656517899739 0.29864169247270 1.66193444730442 1
0.77992069776178 0.12872879194047 0.70960016388865 0
1.74765548017584 0.33444305293699 0.85510285699323 1
1.49977441828999 0.27134166236774 -0.11163040185579 0
1.89977398200664 -0.12308668988635 -0.93893120808796 1
1.52879707815197 -1.03437884410250 -0.76026183034728 1
1.01464394602304 -0.76892214120701 0.05532341700460 0
1.06181207850539 -1.63718580073121 0.54917904858379 1
0.16445881030975 -1.43480155706366 0.94134958541939 1
-0.06293896917690 -0.57750030634356 0.47947859100199 0
-0.55140122317245 -0.53240887590664 1.35089777223610 1
-1.09194383981419 -0.17690566248065 0.58838144792202 0
-1.55701113317477 0.29518054345670 1.33727865504090 1
-1.55410619775814 1.15883663405656 0.83320552683911 1
-1.21614228457046 0.77504357450686 -0.02614497255477 0
-1.49170740935252 1.69546763667594 -0.30342354699548 1
