# 3 1 8 34 0
0.41029274477821 0.05042447462529 -0.36082101097211 0 
0.67335977930260 -0.03061267368849 -1.32218967903848 1 
0.38995571221327 -0.97852135677897 -1.46762517781777 1 
0.05769674292986 -1.02163641450491 -0.52542258040124 0 
0.16565673605993 -1.99062977648575 -0.30316924524514 1 
-0.68767179182280 -2.05263747857047 0.21450462091414 1 
-0.95524761771857 -1.11663738421374 -0.01420451198551 0 
-1.46022748364055 -0.67941027056708 -0.75840065688853 1 
-0.67639162619436 -0.13603197995264 -0.45783211762343 0 
-0.63499291074006 -0.12027849594994 -1.45685109639312 1 
-0.28456588865898 0.80340390201369 -1.61180933236173 1 
-0.25804786328611 0.90744033879466 -0.61758916444910 0 
-0.23431454236343 1.90179637456997 -0.72099872611958 1 
0.68393048670215 1.98307370283105 -0.33341532131605 1 
0.68359066830944 1.05211125896786 0.03170066007631 0 
0.01065502953237 1.50389731240543 0.61740334064835 1 
-0.22604636483558 0.54808554644019 0.44305688914442 0 
-0.35578314105053 0.70367019803379 1.42232289275143 1 
0.52656563153460 0.29864237638838 1.66193485741181 1 
0.77992098125230 0.12872894439702 0.70960010779585 0 
1.74765532119945 0.33444319670708 0.85510319637224 1 
1.49977450906132 0.27134180956161 -0.11163048698475 0 
1.89977417855410 -0.12308728874460 -0.93893140910049 1 
1.52879733409182 -1.03437940272147 -0.76026164987606 1 
1.01464438353141 -0.76892237244293 0.05532389211100 0 
1.06181190221393 -1.63718662173872 0.54917912415072 1 
0.16445860442135 -1.43480187749012 0.94134958965967 1 
-0.06293912582439 -0.57750015589724 0.47947859470482 0 
-0.55140124774699 -0.53240884231913 1.35089789467684 1 
-1.09194379530090 -0.17690585677396 0.58838138836805 0 
-1.55701110421509 0.29518104461209 1.33727871205715 1 
-1.55410514143480 1.15883731761335 0.83320589403141 1 
-1.21614240182245 0.77504330025974 -0.02614509283949 0 
-1.49170869903253 1.69546715061899 -0.30342439546163 1 
