# 3 1 9 55 0
-0.35373963885326 1.48894920390810 0.18364706159641 1
-0.25629727384711 0.63449004839263 -0.32665141677403 0
0.53411699617466 1.18855223882332 -0.58791827452013 1
0.78104292737292 0.23800079679757 -0.39955813939695 0
1.51265712929894 -0.07658909923572 -1.00435054742770 1
1.57325534676529 -0.90370982911348 -0.44560270242825 1
0.93296929321595 -0.67468281556863 0.28759604059059 0
0.91782776139122 -1.67243276652068 0.22228318331021 1
0.85887939931901 -1.36494447383205 1.17200737511739 0
0.29477920800489 -1.70638492662177 1.92381146619307 1
0.82321572114724 -1.27079727311922 2.65252145497347 1
1.50572114835796 -0.89928439285942 2.02310543860731 0
1.80446648718862 -0.53846530545150 2.90659896358412 1
2.02854865859425 0.38297631218128 2.58921508601326 1
1.78379167974751 0.16360816401527 1.64477258544690 0
0.90726166374145 0.53888447749095 1.94620718784050 1
0.80205956182861 -0.28417868199995 1.38808573757902 0
0.10366916432117 -0.35055869993002 2.10071786273664 1
-0.63368073269504 -0.81605207733999 1.61119662223834 1
-0.05999820999269 -0.79936459265496 0.79228887955598 0
-0.40067026818075 -1.39070714481506 0.06136033669102 1
-0.00929458072307 -0.53914726111814 -0.28745313168633 0
0.35057170506994 -1.24625922780983 -0.89613114424325 1
0.55183476464687 -0.66744286728455 -1.68636199763667 1
0.03334680471914 0.06581226992251 -1.24646753399285 0
0.60695907392525 0.60489376140356 -1.86320095304815 1
-0.09614039502240 1.31475686238620 -1.82142159705443 1
-0.79403212948016 0.86065973146684 -1.26757782607842 0
-0.84322731653635 1.82324729624556 -1.00111016630734 1
-1.74420670251976 1.40590362192915 -1.11968673867517 0
-1.93484035024097 1.98787481711031 -0.32913734723985 1
-1.60351313144512 1.35091154590616 0.36692304181314 1
-1.40007186773344 0.65111341907496 -0.31783548052799 0
-2.22965822247816 0.26683592202791 0.08727843585648 1
-2.53894384763407 -0.13680026032483 -0.77377918958871 1
-1.80370872690912 0.29067718010593 -1.29979473606731 0
-2.37889138820396 0.41497274943384 -2.10832149354322 1
-1.51944930156473 0.92468806891232 -2.14768636115569 0
-0.83167037065411 1.11258833101803 -2.84886653326934 1
-0.34188140345603 0.25707565091888 -2.68092362090077 1
-0.89918896019339 -0.04391177407883 -1.90709233616971 0
-0.90579199486409 -0.95514056801510 -1.49524468832578 1
-0.94458330691516 -0.23153420917179 -0.80612273139011 0
-1.56793800541255 -0.92950354268198 -0.45360644898427 1
-1.53933535596448 -0.72260360399118 0.52433746751327 1
-0.80930261975879 -0.06827023310018 0.32710652722634 0
-1.15888849825743 0.34480507260854 1.16803369728650 1
-0.24088663295603 0.71371426772848 1.31356232375273 1
0.25474769403130 0.24338283389192 0.58340141249760 0
0.77224548049747 1.08354839623820 0.74562924242831 1
1.37301919636601 0.29953411159838 0.58944811744131 0
2.18746372246308 0.39677075570310 0.01741214915292 1
2.56651189782661 -0.46227621784310 0.36144816169223 1
1.81171936523190 -0.72506702880324 0.96247164074397 0
2.16714938124499 -1.57311903395462 0.56943563695340 1
