# 3 1 9 55 0
1.18843097081712 -1.48464299080472 2.23739576503041 1 
1.65346014835947 -0.76418967542446 1.72291079103630 0 
1.46338158482819 -1.40806698637443 0.98176816937425 1 
1.53622838631924 -0.46171241150672 0.66695652345870 0 
2.11612047040215 -0.98242237799080 0.04038895487711 1 
2.97979611530288 -0.77319732960258 0.49896275044851 1 
2.52509368757606 -0.21738824550429 1.19489535822464 0 
2.54022833170837 0.48491924712227 1.90660858878547 1 
1.63407649825044 0.34140575728805 1.50874863497853 0 
1.14224690465369 0.86125867333189 2.20721630870230 1 
0.33224940232571 0.27541524839676 2.18090854037314 1 
0.68133902937694 -0.24692860899338 1.40290233133470 0 
0.10632799491449 -1.01302265332969 1.69006579098152 1 
0.13752289556590 -1.34333330274806 0.74670862375334 1 
0.49257793035217 -0.51769984793867 0.30822701584478 0 
0.67524224173737 -1.25248755645505 -0.34501224111682 1 
0.32971285542819 -0.42484574356248 -0.78730068984752 0 
0.72356889145320 -0.23300124354837 -1.68622956178753 1 
0.03781492972143 0.48179346250521 -1.82338079730462 1 
-0.51363483640334 0.34769759916289 -1.00002047094574 0 
-0.60703506536479 1.31989893596564 -1.21473413597174 1 
-1.47552569665721 0.92102601708021 -0.92041311055589 0 
-2.14189099801696 1.33553585922636 -0.30062343105766 1 
-2.87631293627354 0.70372290180508 -0.54848859126261 1 
-2.34044657255903 0.21646278082486 -1.23799967088737 0 
-3.19001797626187 -0.31041813703586 -1.21299620670338 1 
-2.77447161998662 -1.21460004670961 -1.31187262450337 1 
-1.84982844979075 -0.83454547722715 -1.33623714888628 0 
-1.92864860653894 -1.00535382759877 -0.35409050317986 1 
-1.50466391433320 -0.12339028304774 -0.55994797230797 0 
-2.09033157244216 0.03969561982322 0.23402746780205 1 
-1.57489809124660 0.74092886771127 0.72657289877624 1 
-0.87754887811888 0.65467991267252 0.01504936606486 0 
-0.71809306226320 1.60821156859830 0.27068978026140 1 
0.20327133676143 1.52271624357242 -0.10849161791682 1 
0.22949893697581 0.52730960803920 -0.20057042675576 0 
0.92774741443271 0.85403143310737 -0.83751847330801 1 
1.23148142258077 0.07591938376104 -0.28771140336360 0 
1.97517424348789 -0.12270465175410 -0.92604459254252 1 
2.65187985236983 0.22560802198603 -0.27739335120522 1 
2.02101503712523 0.51226911565298 0.44360249498744 0 
1.45526223656472 1.33005047542655 0.33797191658551 1 
0.92637741335945 0.55045031189589 0.67339020096478 0 
0.55422976559095 1.34252367839033 1.15725659013906 1 
-0.36536093876642 1.01728211084489 1.37764632194844 1 
-0.16486060109065 0.22997086509167 0.79460159644544 0 
-0.85681975964784 -0.17050617855455 1.39527714002740 1 
-1.07671034955769 -0.80117749629816 0.65103105752174 1 
-0.53944010202349 -0.39212228096294 -0.08654277046784 0 
-0.65271430804549 -1.35079184946482 -0.34754396537126 1 
-0.72964649785655 -0.73598861104805 -1.13246382042811 0 
-0.30388276193472 -0.98059544058452 -2.00360886654110 1 
-0.84425334578518 -0.29580595203298 -2.49254941654980 1 
-1.33198347964181 0.08758761715412 -1.70824775718044 0 
-1.14233650773486 0.85256788966595 -2.32374736077921 1 
