# 3 1 10 89 0
-1.74148947515409 -1.27251335080283 0.54000642902915 0
-1.55853870805852 -2.21625722319646 0.26454949929490 1
-1.61569279354417 -2.78040193102992 1.08824492791873 1
-2.00662599485506 -1.94461303651830 1.47376815150437 0
-1.75800439969917 -2.19576789462654 2.40924051329320 1
-2.60047519959559 -1.81462252239535 2.78999129339569 1
-2.99197826833870 -1.57418242042845 1.90178303823766 0
-3.60585775471589 -1.89810649153049 1.18190445655464 1
-2.79658315790796 -1.44131107541858 0.81256372663101 0
-2.87971160263982 -2.28067750985205 0.27539182637662 1
-2.79888295247922 -1.87591077497751 -0.63544878517527 1
-2.48714826378310 -1.01416103048305 -0.23518779316222 0
-2.70809112951252 -0.44609812904856 -1.02796064215308 1
-1.90892408235522 0.13582226695840 -0.87729318233182 1
-1.52003879091981 -0.27790537333210 -0.05412997265536 0
-1.35682042333506 0.70616226562033 0.01637283898765 1
-0.61720877554369 0.16431265529541 0.41558908395027 0
-0.73542443149475 0.96246529808043 1.00633219013379 1
0.16545464305993 1.01564945991509 1.43713183957589 1
0.45871053301255 0.32615381033879 0.77486547909587 0
1.39641206234227 0.03479426623863 0.96414162115943 1
1.18944952332945 0.04586991329791 -0.01414455245624 0
1.71449612204983 -0.79339971349885 0.12710898806080 1
2.02250093230297 -0.93423110508099 -0.81379459680110 1
1.70778982131839 -0.00822846797792 -1.02230366782922 0
1.69854565889438 -0.38941738311098 -1.94675461646887 1
1.82843638005028 0.54595206768046 -2.27571113499938 1
1.96579047895264 1.03449300630561 -1.41404901862081 0
1.58728452707538 1.70952492616794 -2.04734606705895 1
2.28035926049368 2.10962278099892 -1.44770524084979 0
2.28990726652600 2.99686282230100 -0.98649602076513 1
3.27143509066975 2.99789051440430 -0.79517933492569 1
3.42989492153426 2.13417294932965 -1.27359594185306 0
4.33921434313584 2.36147305067158 -0.92506638295149 1
4.57662410323733 1.44220900129236 -0.61107559753340 1
3.71464246627989 1.06008719039399 -0.94419806628014 0
3.44384479827212 1.23226164481557 0.00291574960800 1
2.73496839125344 1.49381871847634 -0.65212786481038 0
2.72057265855284 2.19867208255210 0.05707908526209 1
1.74861008691988 2.43304576638842 0.07599298675373 1
1.59124577528180 1.72614282956812 -0.61359001139625 0
0.68896226938963 1.77421119900374 -1.04204526793389 1
0.99881141479761 0.83333133489131 -0.90515630417962 0
0.59331921814425 0.82912610898866 -1.81924513713205 1
0.41538575345437 -0.15209850640752 -1.89366244885517 1
0.59387120109657 -0.24032913394420 -0.91368372391036 0
0.79308686029707 -1.18331784067075 -1.18030221560870 1
0.65594819636957 -1.41949264078554 -0.21831757402292 1
0.27276979014985 -0.56397140711399 0.12990322912364 0
0.62399058090821 -1.05377360729999 0.92786172480622 1
-0.21957437806530 -0.56012238729161 1.13930115579361 0
-0.22516922618408 -0.14034832104917 2.04691254343967 1
-1.17677961438864 0.14072538347245 1.92267389531577 1
-1.36529336127112 -0.32000375891950 1.05538431012112 0
-1.98436072491760 0.46479346993361 1.08452035055692 1
-2.40443888188562 -0.32438970530180 0.63649774179293 0
-2.69727706598597 0.47226480238104 0.10773749998061 1
-3.56735747370783 0.14108125310579 -0.25733446660681 1
-3.43253073401005 -0.68038747449526 0.29675115839711 0
-4.35424675002121 -0.96829692708690 0.55665062537789 1
-4.19163913613013 -0.69547401148423 1.50487339489290 1
-3.20526048181939 -0.56133408676374 1.40967029139246 0
-2.59318400161159 -0.09062739935663 2.04512099507187 1
-2.15643553637937 -0.86999901110429 1.59586531183664 0
-1.78698948642869 -0.85265649159365 2.52495564823718 1
-0.87213695514869 -1.23393536241984 2.39202232407773 1
-1.06010345895507 -1.30484370601750 1.41240984954760 0
-0.52358388099576 -2.14559201561423 1.48513551473260 1
-0.23930407576907 -1.90171418442877 0.55793079311145 1
-0.70107571587920 -1.07091732314832 0.24721624939560 0
-0.55822848216886 -1.68788009817487 -0.52670338600128 1
-1.43100721423231 -1.20547164756230 -0.60113034103296 0
-1.62798586072482 -0.95700630163290 -1.54953130302012 1
-0.78315366448644 -0.42228930030882 -1.56786947888438 1
-0.52535549200908 -0.29882003204539 -0.60959214843050 0
-0.54780333767806 0.62275009060517 -0.99715453471515 1
0.14037448138646 0.54996776830290 -0.27527225698014 0
-0.29066475411496 1.44247718227428 -0.14248625082428 1
0.40527172878388 1.87863545226165 0.42798581272662 1
1.01526809990187 1.12837115226609 0.17301932988024 0
1.49271407985170 1.47914321503571 0.97862735876903 1
2.32019659908893 1.02695430649332 0.64576421670005 1
2.00444877670949 0.75417166663468 -0.26302230611728 0
2.72175809957451 0.09358473720521 -0.04145460992069 1
2.78173001259461 0.41022937128489 -0.98810108319213 0
2.97034676430059 -0.28698731514934 -1.67970256752655 1
3.15693174026282 0.43270901079257 -2.34845008727588 1
2.99103190640224 1.23948718906701 -1.78136436519746 0
2.69602853089205 1.48407785050475 -2.70502470145482 1
