# 3 1 10 89 0
-0.08932900824998 -1.30295093771859 -2.03287191984336 0 
-0.00784758317822 -2.22418398166893 -1.65248869964300 1 
-0.84671563766283 -2.60188853125365 -2.04445862556140 1 
-0.96236250637656 -1.77695927059049 -2.59773764962630 0 
-1.94740962589590 -1.74952623965767 -2.76782748344892 1 
-1.85734610300844 -1.37885593296246 -3.69221511909547 1 
-0.85818825078616 -1.41974037319904 -3.68861583692058 0 
-0.14108275877050 -2.07398492173261 -3.92887415534281 1 
0.06080877394628 -1.57401528471041 -3.08669216062287 0 
0.29304302976498 -2.52319747716423 -2.87427465067802 1 
1.09084683164799 -2.38449358279795 -2.28752932908481 1 
0.96127248327412 -1.39716895883347 -2.37918896417851 0 
1.92031636532096 -1.14993114095817 -2.24095318311523 1 
1.63940336464040 -0.52579364604432 -1.51188533229412 1 
0.64146310175076 -0.58700567265928 -1.53107416478178 0 
0.86054492648017 0.37522305394407 -1.36946024495228 1 
0.00751583066141 0.11962391544009 -0.91447536975218 0 
-0.14937780165028 1.03581978817415 -1.28321703152079 1 
-0.91891293913890 1.32559565850944 -0.71414307072608 1 
-0.72668058160398 0.54300301537464 -0.12203120717110 0 
-1.37584762615490 0.47524036419894 0.63559040544281 1 
-0.46601847167073 0.14107331476321 0.88164594391357 0 
-1.10369644908272 -0.54021723797736 1.24110488768856 1 
-0.51672596964186 -0.92483950505019 1.95351736281772 1 
0.11057279154740 -0.15865975124375 1.81399819898945 0 
0.76530245397438 -0.82120838132955 2.17781030853390 1 
1.34957951253824 -0.04666236561695 2.42009005769176 1 
0.72415877348957 0.70990387642155 2.22915206690597 0 
1.64630598757300 1.09484084224637 2.19082538167404 1 
0.98521822805574 1.73382795088309 2.58409226397014 0 
0.94523113976265 2.71387922794971 2.38941076161261 1 
0.42392029370020 2.91932734627796 3.21767768859635 1 
0.34443793034214 1.97429069336011 3.53483474809258 0 
-0.39109345461160 2.46477388998208 4.00218883715658 1 
-1.01708448876339 1.70053225772757 4.15733564199419 1 
-0.41403422668092 1.11072088705134 3.62025687643410 0 
-1.03831666458878 1.46970858839933 2.92642733392963 1 
-0.08718414172733 1.46402813015253 2.61769509042978 0 
-0.42671119528347 2.37666204526508 2.39005174531391 1 
0.00253807301270 2.46863554153518 1.49156053370434 1 
0.43011352254117 1.56829953137344 1.57264272434793 0 
1.20119166205384 1.35743359651782 0.97183093966940 1 
0.62287640848267 0.55993013664547 1.14370499125255 0 
1.56255146577524 0.21803336110826 1.15457861109705 1 
1.36967793431587 -0.75357437057471 1.01754435274045 1 
0.43910610137246 -0.49765081303510 0.75574323817180 0 
0.26178436052830 -1.43756838118722 1.04748402865497 1 
-0.54680606539614 -1.39278614280187 0.46081842505920 1 
-0.41576705458664 -0.51924435389401 -0.00796108236630 0 
-1.38924403001802 -0.73187402105302 -0.09240773649613 1 
-1.04184117484657 -0.25055475203546 -0.89717083141581 0 
-1.68016604526766 0.38796158128610 -1.32710002353944 1 
-1.05313817035014 0.48827785152518 -2.09961051730865 1 
-0.38933671322481 -0.22519243848171 -1.87527048721905 0 
0.10498437487034 0.45158672667997 -2.42081301846646 1 
0.39305848133906 -0.48045165573713 -2.64062701504451 0 
1.23215582220401 0.06350915212522 -2.64543963125268 1 
1.76563456445862 -0.44387012909693 -3.32217227445411 1 
0.97374563515819 -1.04022382611308 -3.45360473483015 0 
1.21041516525873 -0.84450521209459 -4.40527819956286 1 
0.32456217219108 -0.41681106100572 -4.58511896622684 1 
-0.05113564587237 -0.60915014754185 -3.67855526910764 0 
-0.69152347885746 0.09655348122997 -3.37542813182360 1 
-0.71440964757108 -0.72535570764474 -2.80626877991579 0 
-1.66288459789337 -0.41421287001484 -2.86615359689379 1 
-2.03773914924973 -0.71305061156890 -1.98855447609672 1 
-1.12444147217178 -1.03292942633962 -1.73643259549602 0 
-1.59159971451333 -1.76437255112709 -1.23968836657451 1 
-0.75905076434786 -1.82148574142123 -0.68868852268304 1 
-0.23865110609113 -1.01976277283074 -0.98267018515975 0 
0.40761637772884 -1.61730508678923 -0.50803183839275 1 
0.62366168805625 -0.65060721579657 -0.37084414610239 0 
1.58943081810590 -0.42053720348282 -0.25102016528445 1 
1.33745869450004 0.53635429908946 -0.10655949695481 1 
0.36759573189395 0.38393082532465 0.08352878507297 0 
0.43728468315006 1.35695268073347 -0.13640874000640 1 
-0.15477088220867 1.18644559113870 0.65124476809047 0 
-0.86762355641447 1.88699626420398 0.68396454656326 1 
-1.06562381172928 1.57678242468424 1.61378343919830 1 
-0.40033154436455 0.84208294854028 1.74646248108753 0 
-1.30081036182888 0.47333548679587 1.97703613256376 1 
-1.06823017424699 -0.07786774604048 2.77833596983285 1 
-0.16476161297949 0.35038428085925 2.79691200688689 0 
0.51056695727404 -0.07382576484416 3.40021781772601 1 
0.64574935529409 0.91309399393812 3.31238119581182 0 
1.54239373925593 0.57723049444170 3.60086790858112 1 
1.27014912845165 0.68604490160574 4.55692394444783 1 
0.44152031514083 1.21684827052958 4.37909794388672 0 
-0.08591279232638 1.74127492768910 5.04752264139940 1 
