-0.08932667035682 -1.30295042455638 -2.03287346952088 0
-0.00784334167336 -2.22418308568007 -1.65249096294651 1
-0.84670915603144 -2.60188959331731 -2.04446282373967 1
-0.96235844556845 -1.77695964010546 -2.59774016305473 0
-1.94740502696124 -1.74952993322727 -2.76783085558356 1
-1.85734166574277 -1.37885855435373 -3.69221785243378 1
-0.85818410217031 -1.41973886565235 -3.68861738353291 0
-0.14107514744715 -2.07397899780221 -3.92887681943582 1
0.06081262862027 -1.57401131172849 -3.08669296853436 0
0.29305006186253 -2.52319278248770 -2.87427754960954 1
1.09085260486292 -2.38448718929150 -2.28753070395481 1
0.96127538521491 -1.39716323723713 -2.37918853464613 0
1.92031726499520 -1.14991861548371 -2.24095406046974 1
1.63940162362940 -0.52578872553777 -1.51188048199847 1
0.64146153050645 -0.58700350049961 -1.53107219542166 0
0.86054066696223 0.37522565594000 -1.36945727515118 1
0.00750933663981 0.11962016265721 -0.91448103253971 0
-0.14938363205340 1.03581903710546 -1.28321429494732 1
-0.91891904976579 1.32559312231623 -0.71413941375947 1
-0.72668424759058 0.54300030431549 -0.12202940536043 0
-1.37585062293077 0.47523804514555 0.63559272565650 1
-0.46602155543893 0.14107030543552 0.88164757662276 0
-1.10369952457218 -0.54021979748210 1.24110634110958 1
-0.51673228349924 -0.92483928070868 1.95352287033595 1
0.11056886992730 -0.15866243143406 1.81400119250683 0
0.76529672701999 -0.82121203373049 2.17781358586624 1
1.34957591645479 -0.04666773453615 2.42009226306695 1
0.72415835006564 0.70990108382579 2.22915643406284 0
1.64630664778018 1.09483372116819 2.19082391936504 1
0.98522153048434 1.73382428520116 2.58408913110740 0
0.94524085791044 2.71387491120031 2.38940395864958 1
0.42393028270394 2.91932854790244 3.21766966924235 1
0.34444339513783 1.97429368689647 3.53483042682123 0
-0.39108669817651 2.46478178491918 4.00218137371034 1
-1.01707898120687 1.70054275213151 4.15733408035351 1
-0.41403203342123 1.11072652027004 3.62025755748586 0
-1.03831380801094 1.46971337513711 2.92642709981867 1
-0.08718216095996 1.46402883907713 2.61769375858460 0
-0.42670636164293 2.37666284558651 2.39004822855987 1
0.00254333912721 2.46863387472595 1.49155725797152 1
0.43011470088935 1.56829615256402 1.57264188462069 0
1.20119141694610 1.35742662810088 0.97183014904304 1
0.62287407625504 0.55992450033105 1.14370047701686 0
1.56254793709357 0.21802586426297 1.15457972135825 1
1.36967188077096 -0.75358158761919 1.01754765816276 1
0.43910162218942 -0.49765496036065 0.75574514605204 0
0.26177604132328 -1.43757073663656 1.04748813538182 1
-0.54681056221878 -1.39278970986580 0.46081755982395 1
-0.41577051717610 -0.51924770609283 -0.00796050519138 0
-1.38924765977823 -0.73187617800044 -0.09240803734785 1
-1.04184356989418 -0.25055725392764 -0.89717041947257 0
-1.68016969913639 0.38795760859969 -1.32709892871604 1
-1.05314208457799 0.48827585741743 -2.09960952376667 1
-0.38933723822248 -0.22518940168674 -1.87526503430023 0
0.10498109899237 0.45158933072629 -2.42081056756516 1
0.39305855461022 -0.48044742984567 -2.64062607317675 0
1.23215391086513 0.06351566552778 -2.64543585452502 1
1.76563305943815 -0.44385708912076 -3.32217279449057 1
0.97374803076196 -1.04021600505828 -3.45360393509962 0
1.21041643615557 -0.84450303620096 -4.40527851168873 1
0.32456061206983 -0.41681630578463 -4.58512155333773 1
-0.05113443023678 -0.60914562780156 -3.67855513708422 0
-0.69152468198022 0.09655520194476 -3.37542700506434 1
-0.71440939055348 -0.72535606549176 -2.80627135098154 0
-1.66288476356034 -0.41421559149771 -2.86615517412082 1
-2.03773952404656 -0.71305495255684 -1.98855677803069 1
-1.12444171689174 -1.03293194389518 -1.73643413746843 0
-1.59159858484148 -1.76437756871841 -1.23969299907299 1
-0.75905108892409 -1.82148827785020 -0.68869115337476 1
-0.23865284204385 -1.01976364439868 -0.98266951441686 0
0.40761539832154 -1.61730710046434 -0.50803367557260 1
0.62365876961728 -0.65060968214671 -0.37084270233750 0
1.58942798514640 -0.42054209646884 -0.25101479060848 1
1.33745627358371 0.53634994777060 -0.10655762645571 1
0.36759466911482 0.38392879778412 0.08353777404135 0
0.43728286181130 1.35694862599487 -0.13640760477502 1
-0.15477230637808 1.18644163786638 0.65124590078412 0
-0.86762247490344 1.88699433048368 0.68396534673548 1
-1.06562386188540 1.57678184231751 1.61378450272310 1
-0.40033297618217 0.84208169030739 1.74646352908571 0
-1.30081149544435 0.47333510463233 1.97703757750331 1
-1.06823242415013 -0.07786357737466 2.77834088369872 1
-0.16476273799939 0.35038583203467 2.79691424051676 0
0.51056415115574 -0.07382453326162 3.40022109341937 1
0.64575060449675 0.91309417053136 3.31237978818468 0
1.54239354986352 0.57722867432086 3.60086860429028 1
1.27015167508763 0.68605001878510 4.55692418668176 1
0.44152405591753 1.21685488675260 4.37909713336732 0
-0.08590524613599 1.74128856696533 5.04751889129397 1
